100,35
0,507
101,3
101,2
101,1
101,0
10,197
10,239
10,219
10,269
10,21
10,91
10,137
10,111
11,18
11,8
11,10
11,23
11,9
9,5
8,5
8,16
8,12
8,8
99,4
99,3
99,2
99,1
99,0
97,3
97,2
97,1
97,0
20,3
20,2
20,1
19,3
19,2
19,1
18,3
18,1
14,3
14,1
13,3
13,1
12,3
12,2
12,1
11,27
11,26
11,21
11,16
11,12
11,11
11,4
11,3
11,2
11,1
10,314
10,284
10,252
10,244
10,180
10,178
10,170
10,124
10,3
10,2
10,1
9,7
9,6
9,4
9,3
9,2
9,1
8,18
8,15
8,14
8,13
8,11
8,10
8,6
8,4
8,3
8,2
8,1
3,3
3,2
3,1
2,3
2,2
2,1
0,472
0,278
0,273
0,270
0,9
0,0
100,34
100,33
100,32
